    0.10000E-03    0.39680E+03
    0.10202E-03    0.40457E+03
    0.10408E-03    0.41249E+03
    0.10618E-03    0.42057E+03
    0.10833E-03    0.42880E+03
    0.11052E-03    0.43720E+03
    0.11275E-03    0.44576E+03
    0.11503E-03    0.45448E+03
    0.11735E-03    0.46338E+03
    0.11972E-03    0.47245E+03
    0.12214E-03    0.48170E+03
    0.12461E-03    0.49113E+03
    0.12712E-03    0.50074E+03
    0.12969E-03    0.51055E+03
    0.13231E-03    0.52054E+03
    0.13499E-03    0.53073E+03
    0.13771E-03    0.54111E+03
    0.14049E-03    0.55171E+03
    0.14333E-03    0.56250E+03
    0.14623E-03    0.57351E+03
    0.14918E-03    0.58473E+03
    0.15220E-03    0.59618E+03
    0.15527E-03    0.60784E+03
    0.15841E-03    0.61973E+03
    0.16161E-03    0.63186E+03
    0.16487E-03    0.64422E+03
    0.16820E-03    0.65683E+03
    0.17160E-03    0.66967E+03
    0.17507E-03    0.68277E+03
    0.17860E-03    0.69613E+03
    0.18221E-03    0.70975E+03
    0.18589E-03    0.72363E+03
    0.18965E-03    0.73778E+03
    0.19348E-03    0.75220E+03
    0.19739E-03    0.76691E+03
    0.20138E-03    0.78191E+03
    0.20544E-03    0.79720E+03
    0.20959E-03    0.81278E+03
    0.21383E-03    0.82867E+03
    0.21815E-03    0.84487E+03
    0.22255E-03    0.86138E+03
    0.22705E-03    0.87821E+03
    0.23164E-03    0.89537E+03
    0.23632E-03    0.91287E+03
    0.24109E-03    0.93070E+03
    0.24596E-03    0.94888E+03
    0.25093E-03    0.96742E+03
    0.25600E-03    0.98631E+03
    0.26117E-03    0.10056E+04
    0.26645E-03    0.10252E+04
    0.27183E-03    0.10452E+04
    0.27732E-03    0.10656E+04
    0.28292E-03    0.10864E+04
    0.28864E-03    0.11076E+04
    0.29447E-03    0.11292E+04
    0.30042E-03    0.11513E+04
    0.30649E-03    0.11737E+04
    0.31268E-03    0.11966E+04
    0.31899E-03    0.12199E+04
    0.32544E-03    0.12437E+04
    0.33201E-03    0.12680E+04
    0.33872E-03    0.12927E+04
    0.34556E-03    0.13179E+04
    0.35254E-03    0.13435E+04
    0.35966E-03    0.13697E+04
    0.36693E-03    0.13964E+04
    0.37434E-03    0.14236E+04
    0.38190E-03    0.14513E+04
    0.38962E-03    0.14795E+04
    0.39749E-03    0.15083E+04
    0.40552E-03    0.15376E+04
    0.41371E-03    0.15675E+04
    0.42207E-03    0.15980E+04
    0.43060E-03    0.16290E+04
    0.43929E-03    0.16607E+04
    0.44817E-03    0.16929E+04
    0.45722E-03    0.17258E+04
    0.46646E-03    0.17593E+04
    0.47588E-03    0.17934E+04
    0.48550E-03    0.18282E+04
    0.49530E-03    0.18637E+04
    0.50531E-03    0.18998E+04
    0.51552E-03    0.19366E+04
    0.52593E-03    0.19741E+04
    0.53656E-03    0.20123E+04
    0.54739E-03    0.20512E+04
    0.55845E-03    0.20909E+04
    0.56973E-03    0.21313E+04
    0.58124E-03    0.21725E+04
    0.59299E-03    0.22144E+04
    0.60496E-03    0.22571E+04
    0.61719E-03    0.23007E+04
    0.62965E-03    0.23450E+04
    0.64237E-03    0.23902E+04
    0.65535E-03    0.24363E+04
    0.66859E-03    0.24832E+04
    0.68210E-03    0.25309E+04
    0.69588E-03    0.25796E+04
    0.70993E-03    0.26291E+04
    0.72427E-03    0.26796E+04
    0.73891E-03    0.27310E+04
    0.75383E-03    0.27834E+04
    0.76906E-03    0.28367E+04
    0.78460E-03    0.28910E+04
    0.80045E-03    0.29463E+04
    0.81662E-03    0.30026E+04
    0.83311E-03    0.30599E+04
    0.84994E-03    0.31183E+04
    0.86711E-03    0.31778E+04
    0.88463E-03    0.32383E+04
    0.90250E-03    0.32999E+04
    0.92073E-03    0.33626E+04
    0.93933E-03    0.34265E+04
    0.95831E-03    0.34915E+04
    0.97767E-03    0.35577E+04
    0.99742E-03    0.36251E+04
    0.10176E-02    0.36937E+04
    0.10381E-02    0.37634E+04
    0.10591E-02    0.38345E+04
    0.10805E-02    0.39068E+04
    0.11023E-02    0.39803E+04
    0.11246E-02    0.40552E+04
    0.11473E-02    0.41313E+04
    0.11705E-02    0.42088E+04
    0.11941E-02    0.42876E+04
    0.12182E-02    0.43678E+04
    0.12429E-02    0.44494E+04
    0.12680E-02    0.45324E+04
    0.12936E-02    0.46168E+04
    0.13197E-02    0.47026E+04
    0.13464E-02    0.47899E+04
    0.13736E-02    0.48787E+04
    0.14013E-02    0.49689E+04
    0.14296E-02    0.50607E+04
    0.14585E-02    0.51540E+04
    0.14880E-02    0.52489E+04
    0.15180E-02    0.53453E+04
    0.15487E-02    0.54433E+04
    0.15800E-02    0.55429E+04
    0.16119E-02    0.56441E+04
    0.16445E-02    0.57469E+04
    0.16777E-02    0.58514E+04
    0.17116E-02    0.59575E+04
    0.17462E-02    0.60653E+04
    0.17814E-02    0.61749E+04
    0.18174E-02    0.62861E+04
    0.18541E-02    0.63990E+04
    0.18916E-02    0.65137E+04
    0.19298E-02    0.66302E+04
    0.19688E-02    0.67484E+04
    0.20086E-02    0.68684E+04
    0.20491E-02    0.69902E+04
    0.20905E-02    0.71138E+04
    0.21328E-02    0.72392E+04
    0.21758E-02    0.73664E+04
    0.22198E-02    0.74955E+04
    0.22646E-02    0.76264E+04
    0.23104E-02    0.77592E+04
    0.23571E-02    0.78938E+04
    0.24047E-02    0.80303E+04
    0.24533E-02    0.81687E+04
    0.25028E-02    0.83089E+04
    0.25534E-02    0.84511E+04
    0.26050E-02    0.85951E+04
    0.26576E-02    0.87410E+04
    0.27113E-02    0.88888E+04
    0.27660E-02    0.90385E+04
    0.28219E-02    0.91900E+04
    0.28789E-02    0.93435E+04
    0.29371E-02    0.94988E+04
    0.29964E-02    0.96560E+04
    0.30569E-02    0.98151E+04
    0.31187E-02    0.99760E+04
    0.31817E-02    0.10139E+05
    0.32460E-02    0.10303E+05
    0.33115E-02    0.10470E+05
    0.33784E-02    0.10638E+05
    0.34467E-02    0.10808E+05
    0.35163E-02    0.10980E+05
    0.35874E-02    0.11154E+05
    0.36598E-02    0.11329E+05
    0.37338E-02    0.11506E+05
    0.38092E-02    0.11685E+05
    0.38861E-02    0.11865E+05
    0.39646E-02    0.12047E+05
    0.40447E-02    0.12231E+05
    0.41264E-02    0.12416E+05
    0.42098E-02    0.12603E+05
    0.42948E-02    0.12791E+05
    0.43816E-02    0.12981E+05
    0.44701E-02    0.13172E+05
    0.45604E-02    0.13364E+05
    0.46525E-02    0.13558E+05
    0.47465E-02    0.13753E+05
    0.48424E-02    0.13949E+05
    0.49402E-02    0.14147E+05
    0.50400E-02    0.14345E+05
    0.51419E-02    0.14545E+05
    0.52457E-02    0.14745E+05
    0.53517E-02    0.14946E+05
    0.54598E-02    0.15148E+05
    0.55701E-02    0.15351E+05
    0.56826E-02    0.15555E+05
    0.57974E-02    0.15759E+05
    0.59145E-02    0.15963E+05
    0.60340E-02    0.16168E+05
    0.61559E-02    0.16373E+05
    0.62803E-02    0.16578E+05
    0.64072E-02    0.16784E+05
    0.65366E-02    0.16989E+05
    0.66686E-02    0.17194E+05
    0.68033E-02    0.17399E+05
    0.69408E-02    0.17603E+05
    0.70810E-02    0.17807E+05
    0.72240E-02    0.18011E+05
    0.73700E-02    0.18213E+05
    0.75189E-02    0.18415E+05
    0.76708E-02    0.18615E+05
    0.78257E-02    0.18815E+05
    0.79838E-02    0.19013E+05
    0.81451E-02    0.19209E+05
    0.83096E-02    0.19404E+05
    0.84775E-02    0.19597E+05
    0.86488E-02    0.19788E+05
    0.88235E-02    0.19976E+05
    0.90017E-02    0.20163E+05
    0.91836E-02    0.20346E+05
    0.93691E-02    0.20527E+05
    0.95583E-02    0.20705E+05
    0.97514E-02    0.20879E+05
    0.99484E-02    0.21050E+05
    0.10149E-01    0.21218E+05
    0.10354E-01    0.21381E+05
    0.10564E-01    0.21541E+05
    0.10777E-01    0.21696E+05
    0.10995E-01    0.21848E+05
    0.11217E-01    0.21994E+05
    0.11443E-01    0.22136E+05
    0.11675E-01    0.22273E+05
    0.11910E-01    0.22404E+05
    0.12151E-01    0.22530E+05
    0.12397E-01    0.22650E+05
    0.12647E-01    0.22764E+05
    0.12902E-01    0.22870E+05
    0.13163E-01    0.22970E+05
    0.13429E-01    0.23062E+05
    0.13700E-01    0.23146E+05
    0.13977E-01    0.23222E+05
    0.14259E-01    0.23289E+05
    0.14547E-01    0.23348E+05
    0.14841E-01    0.23398E+05
    0.15141E-01    0.23440E+05
    0.15447E-01    0.23474E+05
    0.15759E-01    0.23499E+05
    0.16077E-01    0.23517E+05
    0.16402E-01    0.23528E+05
    0.16734E-01    0.23531E+05
    0.17072E-01    0.23527E+05
    0.17416E-01    0.23516E+05
    0.17768E-01    0.23497E+05
    0.18127E-01    0.23471E+05
    0.18493E-01    0.23435E+05
    0.18867E-01    0.23389E+05
    0.19248E-01    0.23332E+05
    0.19637E-01    0.23263E+05
    0.20034E-01    0.23182E+05
    0.20438E-01    0.23087E+05
    0.20851E-01    0.22978E+05
    0.21272E-01    0.22854E+05
    0.21702E-01    0.22715E+05
    0.22141E-01    0.22561E+05
    0.22588E-01    0.22395E+05
    0.23044E-01    0.22215E+05
    0.23510E-01    0.22023E+05
    0.23985E-01    0.21821E+05
    0.24469E-01    0.21607E+05
    0.24964E-01    0.21384E+05
    0.25468E-01    0.21152E+05
    0.25982E-01    0.20911E+05
    0.26507E-01    0.20663E+05
    0.27043E-01    0.20408E+05
    0.27589E-01    0.20147E+05
    0.28146E-01    0.19880E+05
    0.28715E-01    0.19609E+05
    0.29295E-01    0.19334E+05
    0.29887E-01    0.19056E+05
    0.30490E-01    0.18776E+05
    0.31106E-01    0.18493E+05
    0.31735E-01    0.18210E+05
    0.32376E-01    0.17925E+05
    0.33030E-01    0.17639E+05
    0.33697E-01    0.17351E+05
    0.34378E-01    0.17062E+05
    0.35072E-01    0.16772E+05
    0.35781E-01    0.16479E+05
    0.36504E-01    0.16185E+05
    0.37241E-01    0.15890E+05
    0.37993E-01    0.15592E+05
    0.38761E-01    0.15293E+05
    0.39544E-01    0.14994E+05
    0.40343E-01    0.14696E+05
    0.41158E-01    0.14402E+05
    0.41989E-01    0.14113E+05
    0.42838E-01    0.13832E+05
    0.43703E-01    0.13559E+05
    0.44586E-01    0.13296E+05
    0.45486E-01    0.13045E+05
    0.46405E-01    0.12806E+05
    0.47343E-01    0.12581E+05
    0.48299E-01    0.12369E+05
    0.49275E-01    0.12168E+05
    0.50270E-01    0.11979E+05
    0.51286E-01    0.11798E+05
    0.52322E-01    0.11626E+05
    0.53379E-01    0.11462E+05
    0.54457E-01    0.11303E+05
    0.55557E-01    0.11150E+05
    0.56680E-01    0.11001E+05
    0.57825E-01    0.10856E+05
    0.58993E-01    0.10713E+05
    0.60184E-01    0.10570E+05
    0.61400E-01    0.10428E+05
    0.62641E-01    0.10283E+05
    0.63906E-01    0.10135E+05
    0.65197E-01    0.99834E+04
    0.66514E-01    0.98262E+04
    0.67858E-01    0.96627E+04
    0.69229E-01    0.94921E+04
    0.70627E-01    0.93135E+04
    0.72054E-01    0.91267E+04
    0.73510E-01    0.89315E+04
    0.74994E-01    0.87281E+04
    0.76509E-01    0.85166E+04
    0.78055E-01    0.82971E+04
    0.79632E-01    0.80699E+04
    0.81241E-01    0.78354E+04
    0.82882E-01    0.75940E+04
    0.84556E-01    0.73463E+04
    0.86264E-01    0.70929E+04
    0.88007E-01    0.68370E+04
    0.89785E-01    0.65830E+04
    0.91598E-01    0.63349E+04
    0.93449E-01    0.60961E+04
    0.95337E-01    0.58694E+04
    0.97263E-01    0.56573E+04
    0.99227E-01    0.54619E+04
    0.10123E+00    0.52847E+04
    0.10328E+00    0.51273E+04
    0.10536E+00    0.49907E+04
    0.10749E+00    0.48727E+04
    0.10966E+00    0.47690E+04
    0.11188E+00    0.46754E+04
    0.11414E+00    0.45882E+04
    0.11644E+00    0.45040E+04
    0.11880E+00    0.44196E+04
    0.12120E+00    0.43321E+04
    0.12365E+00    0.42386E+04
    0.12614E+00    0.41369E+04
    0.12869E+00    0.40249E+04
    0.13129E+00    0.39037E+04
    0.13394E+00    0.37763E+04
    0.13665E+00    0.36455E+04
    0.13941E+00    0.35140E+04
    0.14223E+00    0.33839E+04
    0.14510E+00    0.32572E+04
    0.14803E+00    0.31357E+04
    0.15102E+00    0.30208E+04
    0.15407E+00    0.29136E+04
    0.15718E+00    0.28151E+04
    0.16036E+00    0.27246E+04
    0.16360E+00    0.26406E+04
    0.16690E+00    0.25616E+04
    0.17028E+00    0.24863E+04
    0.17371E+00    0.24135E+04
    0.17722E+00    0.23423E+04
    0.18080E+00    0.22716E+04
    0.18446E+00    0.22006E+04
    0.18818E+00    0.21288E+04
    0.19198E+00    0.20554E+04
    0.19586E+00    0.19809E+04
    0.19982E+00    0.19063E+04
    0.20386E+00    0.18323E+04
    0.20797E+00    0.17598E+04
    0.21218E+00    0.16893E+04
    0.21646E+00    0.16214E+04
    0.22083E+00    0.15566E+04
    0.22530E+00    0.14951E+04
    0.22985E+00    0.14374E+04
    0.23449E+00    0.13835E+04
    0.23923E+00    0.13333E+04
    0.24406E+00    0.12862E+04
    0.24899E+00    0.12418E+04
    0.25402E+00    0.11996E+04
    0.25915E+00    0.11592E+04
    0.26439E+00    0.11203E+04
    0.26973E+00    0.10826E+04
    0.27518E+00    0.10458E+04
    0.28074E+00    0.10097E+04
    0.28641E+00    0.97409E+03
    0.29219E+00    0.93898E+03
    0.29810E+00    0.90447E+03
    0.30412E+00    0.87065E+03
    0.31026E+00    0.83761E+03
    0.31653E+00    0.80543E+03
    0.32292E+00    0.77415E+03
    0.32945E+00    0.74383E+03
    0.33610E+00    0.71452E+03
    0.34289E+00    0.68623E+03
    0.34982E+00    0.65900E+03
    0.35689E+00    0.63280E+03
    0.36409E+00    0.60760E+03
    0.37145E+00    0.58336E+03
    0.37895E+00    0.56006E+03
    0.38661E+00    0.53764E+03
    0.39442E+00    0.51610E+03
    0.40239E+00    0.49538E+03
    0.41052E+00    0.47546E+03
    0.41881E+00    0.45631E+03
    0.42727E+00    0.43791E+03
    0.43590E+00    0.42022E+03
    0.44471E+00    0.40321E+03
    0.45369E+00    0.38686E+03
    0.46286E+00    0.37113E+03
    0.47221E+00    0.35600E+03
    0.48174E+00    0.34145E+03
    0.49148E+00    0.32745E+03
    0.50141E+00    0.31398E+03
    0.51153E+00    0.30102E+03
    0.52187E+00    0.28855E+03
    0.53241E+00    0.27655E+03
    0.54317E+00    0.26501E+03
    0.55414E+00    0.25391E+03
    0.56533E+00    0.24325E+03
    0.57675E+00    0.23300E+03
    0.58840E+00    0.22316E+03
    0.60029E+00    0.21371E+03
    0.61242E+00    0.20464E+03
    0.62479E+00    0.19593E+03
    0.63741E+00    0.18757E+03
    0.65029E+00    0.17956E+03
    0.66342E+00    0.17187E+03
    0.67683E+00    0.16449E+03
    0.69050E+00    0.15742E+03
    0.70445E+00    0.15063E+03
    0.71868E+00    0.14413E+03
    0.73320E+00    0.13789E+03
    0.74801E+00    0.13190E+03
    0.76312E+00    0.12617E+03
    0.77854E+00    0.12067E+03
    0.79426E+00    0.11540E+03
    0.81031E+00    0.11034E+03
    0.82668E+00    0.10550E+03
    0.84338E+00    0.10086E+03
    0.86041E+00    0.96418E+02
    0.87780E+00    0.92161E+02
    0.89553E+00    0.88083E+02
    0.91362E+00    0.84178E+02
    0.93208E+00    0.80439E+02
    0.95091E+00    0.76859E+02
    0.97011E+00    0.73433E+02
    0.98971E+00    0.70153E+02
    0.10097E+01    0.67013E+02
    0.10301E+01    0.64009E+02
    0.10509E+01    0.61135E+02
    0.10721E+01    0.58384E+02
    0.10938E+01    0.55753E+02
    0.11159E+01    0.53235E+02
    0.11384E+01    0.50828E+02
    0.11614E+01    0.48525E+02
    0.11849E+01    0.46322E+02
    0.12088E+01    0.44216E+02
    0.12333E+01    0.42203E+02
    0.12582E+01    0.40278E+02
    0.12836E+01    0.38437E+02
    0.13095E+01    0.36678E+02
    0.13360E+01    0.34997E+02
    0.13630E+01    0.33390E+02
    0.13905E+01    0.31855E+02
    0.14186E+01    0.30388E+02
    0.14472E+01    0.28986E+02
    0.14765E+01    0.27647E+02
    0.15063E+01    0.26368E+02
    0.15367E+01    0.25147E+02
    0.15678E+01    0.23980E+02
    0.15994E+01    0.22866E+02
    0.16318E+01    0.21802E+02
    0.16647E+01    0.20786E+02
    0.16984E+01    0.19816E+02
    0.17327E+01    0.18890E+02
    0.17677E+01    0.18006E+02
    0.18034E+01    0.17162E+02
    0.18398E+01    0.16357E+02
    0.18770E+01    0.15589E+02
    0.19149E+01    0.14855E+02
    0.19536E+01    0.14156E+02
    0.19930E+01    0.13488E+02
    0.20333E+01    0.12851E+02
    0.20744E+01    0.12243E+02
    0.21163E+01    0.11664E+02
    0.21590E+01    0.11111E+02
    0.22026E+01    0.10583E+02
    0.22471E+01    0.10080E+02
    0.22925E+01    0.96008E+01
    0.23388E+01    0.91435E+01
    0.23861E+01    0.87074E+01
    0.24343E+01    0.82916E+01
    0.24835E+01    0.78952E+01
    0.25336E+01    0.75174E+01
    0.25848E+01    0.71572E+01
    0.26370E+01    0.68139E+01
    0.26903E+01    0.64867E+01
    0.27447E+01    0.61748E+01
    0.28001E+01    0.58777E+01
    0.28567E+01    0.55945E+01
    0.29144E+01    0.53246E+01
    0.29733E+01    0.50675E+01
    0.30333E+01    0.48226E+01
    0.30946E+01    0.45893E+01
    0.31571E+01    0.43670E+01
    0.32209E+01    0.41553E+01
    0.32860E+01    0.39536E+01
    0.33523E+01    0.37615E+01
    0.34201E+01    0.35786E+01
    0.34892E+01    0.34044E+01
    0.35596E+01    0.32385E+01
    0.36316E+01    0.30806E+01
    0.37049E+01    0.29302E+01
    0.37798E+01    0.27870E+01
    0.38561E+01    0.26507E+01
    0.39340E+01    0.25209E+01
    0.40135E+01    0.23974E+01
    0.40946E+01    0.22798E+01
    0.41773E+01    0.21679E+01
    0.42617E+01    0.20613E+01
    0.43478E+01    0.19600E+01
    0.44356E+01    0.18635E+01
    0.45252E+01    0.17717E+01
    0.46166E+01    0.16843E+01
    0.47099E+01    0.16012E+01
    0.48050E+01    0.15221E+01
    0.49021E+01    0.14468E+01
    0.50011E+01    0.13752E+01
    0.51021E+01    0.13071E+01
    0.52052E+01    0.12423E+01
    0.53104E+01    0.11807E+01
    0.54176E+01    0.11221E+01
    0.55271E+01    0.10664E+01
    0.56387E+01    0.10133E+01
    0.57526E+01    0.96290E+00
    0.58689E+01    0.91495E+00
    0.59874E+01    0.86934E+00
    0.61084E+01    0.82598E+00
    0.62318E+01    0.78475E+00
    0.63577E+01    0.74555E+00
    0.64861E+01    0.70827E+00
    0.66171E+01    0.67284E+00
    0.67508E+01    0.63915E+00
    0.68872E+01    0.60712E+00
    0.70263E+01    0.57668E+00
    0.71682E+01    0.54774E+00
    0.73130E+01    0.52023E+00
    0.74608E+01    0.49409E+00
    0.76115E+01    0.46925E+00
    0.77653E+01    0.44563E+00
    0.79221E+01    0.42319E+00
    0.80822E+01    0.40186E+00
    0.82454E+01    0.38160E+00
    0.84120E+01    0.36234E+00
    0.85819E+01    0.34405E+00
    0.87553E+01    0.32666E+00
    0.89322E+01    0.31015E+00
    0.91126E+01    0.29445E+00
    0.92967E+01    0.27955E+00
    0.94845E+01    0.26538E+00
    0.96761E+01    0.25193E+00
    0.98716E+01    0.23915E+00
    0.10071E+02    0.22701E+00
    0.10274E+02    0.21548E+00
    0.10482E+02    0.20453E+00
    0.10694E+02    0.19413E+00
    0.10910E+02    0.18425E+00
    0.11130E+02    0.17487E+00
    0.11355E+02    0.16596E+00
    0.11584E+02    0.15750E+00
    0.11818E+02    0.14947E+00
    0.12057E+02    0.14184E+00
    0.12301E+02    0.13459E+00
    0.12549E+02    0.12772E+00
    0.12803E+02    0.12119E+00
    0.13061E+02    0.11499E+00
    0.13325E+02    0.10910E+00
    0.13594E+02    0.10351E+00
    0.13869E+02    0.98207E-01
    0.14149E+02    0.93171E-01
    0.14435E+02    0.88391E-01
    0.14727E+02    0.83854E-01
    0.15024E+02    0.79547E-01
    0.15328E+02    0.75459E-01
    0.15637E+02    0.71579E-01
    0.15953E+02    0.67896E-01
    0.16275E+02    0.64401E-01
    0.16604E+02    0.61085E-01
    0.16940E+02    0.57937E-01
    0.17282E+02    0.54950E-01
    0.17631E+02    0.52116E-01
    0.17987E+02    0.49426E-01
    0.18351E+02    0.46874E-01
    0.18721E+02    0.44452E-01
    0.19099E+02    0.42155E-01
    0.19485E+02    0.39975E-01
    0.19879E+02    0.37906E-01
    0.20280E+02    0.35944E-01
    0.20690E+02    0.34082E-01
    0.21108E+02    0.32316E-01
    0.21535E+02    0.30641E-01
    0.21970E+02    0.29051E-01
    0.22413E+02    0.27544E-01
    0.22866E+02    0.26114E-01
    0.23328E+02    0.24757E-01
    0.23799E+02    0.23470E-01
    0.24280E+02    0.22250E-01
    0.24771E+02    0.21093E-01
    0.25271E+02    0.19995E-01
    0.25782E+02    0.18954E-01
    0.26302E+02    0.17966E-01
    0.26834E+02    0.17030E-01
    0.27376E+02    0.16142E-01
    0.27929E+02    0.15300E-01
    0.28493E+02    0.14501E-01
    0.29069E+02    0.13744E-01
    0.29656E+02    0.13026E-01
    0.30255E+02    0.12345E-01
    0.30866E+02    0.11700E-01
    0.31490E+02    0.11088E-01
    0.32126E+02    0.10507E-01
    0.32775E+02    0.99572E-02
    0.33437E+02    0.94356E-02
    0.34112E+02    0.89411E-02
    0.34801E+02    0.84723E-02
    0.35504E+02    0.80279E-02
    0.36222E+02    0.76066E-02
    0.36953E+02    0.72072E-02
    0.37700E+02    0.68286E-02
    0.38462E+02    0.64698E-02
    0.39239E+02    0.61296E-02
    0.40031E+02    0.58072E-02
    0.40840E+02    0.55016E-02
    0.41665E+02    0.52120E-02
    0.42507E+02    0.49375E-02
    0.43365E+02    0.46773E-02
    0.44241E+02    0.44308E-02
    0.45135E+02    0.41971E-02
    0.46047E+02    0.39756E-02
    0.46977E+02    0.37658E-02
    0.47926E+02    0.35669E-02
    0.48894E+02    0.33784E-02
    0.49882E+02    0.31999E-02
    0.50890E+02    0.30306E-02
    0.51918E+02    0.28703E-02
    0.52966E+02    0.27184E-02
    0.54036E+02    0.25744E-02
    0.55128E+02    0.24380E-02
    0.56242E+02    0.23088E-02
    0.57378E+02    0.21863E-02
    0.58537E+02    0.20703E-02
    0.59720E+02    0.19604E-02
    0.60926E+02    0.18563E-02
    0.62157E+02    0.17577E-02
    0.63412E+02    0.16643E-02
    0.64693E+02    0.15757E-02
    0.66000E+02    0.14919E-02
    0.67334E+02    0.14125E-02
    0.68694E+02    0.13372E-02
    0.70082E+02    0.12660E-02
    0.71497E+02    0.11985E-02
    0.72942E+02    0.11345E-02
    0.74415E+02    0.10740E-02
    0.75918E+02    0.10166E-02
    0.77452E+02    0.96231E-03
    0.79017E+02    0.91086E-03
    0.80613E+02    0.86214E-03
    0.82241E+02    0.81600E-03
    0.83903E+02    0.77230E-03
    0.85598E+02    0.73092E-03
    0.87327E+02    0.69173E-03
    0.89091E+02    0.65462E-03
    0.90891E+02    0.61948E-03
    0.92727E+02    0.58621E-03
    0.94600E+02    0.55471E-03
    0.96511E+02    0.52488E-03
    0.98461E+02    0.49663E-03
    0.10045E+03    0.46989E-03
    0.10248E+03    0.44457E-03
    0.10455E+03    0.42060E-03
    0.10666E+03    0.39790E-03
    0.10882E+03    0.37642E-03
    0.11101E+03    0.35608E-03
    0.11326E+03    0.33682E-03
    0.11554E+03    0.31859E-03
    0.11788E+03    0.30134E-03
    0.12026E+03    0.28500E-03
    0.12269E+03    0.26954E-03
    0.12517E+03    0.25491E-03
    0.12770E+03    0.24105E-03
    0.13028E+03    0.22795E-03
    0.13291E+03    0.21554E-03
    0.13559E+03    0.20380E-03
    0.13833E+03    0.19269E-03
    0.14113E+03    0.18218E-03
    0.14398E+03    0.17223E-03
    0.14689E+03    0.16281E-03
    0.14985E+03    0.15390E-03
    0.15288E+03    0.14547E-03
    0.15597E+03    0.13749E-03
    0.15912E+03    0.12994E-03
    0.16233E+03    0.12280E-03
    0.16561E+03    0.11604E-03
    0.16896E+03    0.10964E-03
    0.17237E+03    0.10358E-03
    0.17585E+03    0.97850E-04
    0.17941E+03    0.92429E-04
    0.18303E+03    0.87302E-04
    0.18673E+03    0.82455E-04
    0.19050E+03    0.77873E-04
    0.19435E+03    0.73542E-04
    0.19828E+03    0.69450E-04
    0.20228E+03    0.65585E-04
    0.20637E+03    0.61933E-04